Winit

Winit =

     0     0     0     0     0     0     0     0     0     0     0     0     0     0     0     0     0     0     0     0

bias

bias =

     0

WlastA

WlastA =

    -2    -2    -2    -2    -2     2    -2    -2    -2     2    -2    -2    -2     2     2    -2    -2     2     2    -2

blastA

blastA =

    -2

WlastE

WlastE =

     2    14     2     2     2     2     6    -2    -6    -2     6    -2     6     2     2    -2    14    -6   -10     2

blastE

blastE =

   -14

PPT

PPT =

  Columns 1 through 21

    -1    -1    -1    -1    -1     1     1     1     1     1    -1    -1    -1    -1    -1     1     1     1     1     1     1
    -1    -1    -1    -1    -1     1     1     1     1     1    -1    -1    -1    -1    -1     1     1     1     1     1     1
     1     1     1     1     1     1     1     1     1     1    -1    -1    -1    -1    -1     1     1     1     1     1     1
     1     1     1     1     1     1     1     1     1     1    -1    -1    -1    -1    -1     1     1     1     1     1     1
    -1    -1    -1    -1    -1     1     1     1     1     1     1     1     1     1     1     1     1     1     1     1    -1
     1     1     1     1     1    -1    -1    -1    -1    -1    -1    -1    -1    -1    -1    -1    -1    -1    -1    -1    -1
     1     1     1     1     1     1     1     1     1     1    -1    -1    -1    -1    -1    -1    -1    -1    -1    -1    -1
    -1    -1    -1    -1    -1     1     1     1     1     1     1     1     1     1     1     1     1     1     1     1     1
     1     1     1     1     1     1     1     1     1     1     1     1     1     1     1     1     1     1     1     1    -1
    -1    -1    -1    -1    -1    -1    -1    -1    -1    -1     1     1     1     1     1    -1    -1    -1    -1    -1    -1
     1     1     1     1     1     1     1     1     1     1     1     1     1     1     1    -1    -1    -1    -1    -1    -1
    -1    -1    -1    -1    -1     1     1     1     1     1     1     1     1     1     1     1     1     1     1     1     1
    -1    -1    -1    -1    -1     1     1     1     1     1     1     1     1     1     1     1     1     1     1     1    -1
     1     1     1     1     1    -1    -1    -1    -1    -1    -1    -1    -1    -1    -1    -1    -1    -1    -1    -1    -1
     1     1     1     1     1    -1    -1    -1    -1    -1    -1    -1    -1    -1    -1    -1    -1    -1    -1    -1    -1
    -1    -1    -1    -1    -1     1     1     1     1     1     1     1     1     1     1     1     1     1     1     1     1
    -1    -1    -1    -1    -1     1     1     1     1     1    -1    -1    -1    -1    -1     1     1     1     1     1     1
    -1    -1    -1    -1    -1    -1    -1    -1    -1    -1    -1    -1    -1    -1    -1     1     1     1     1     1     1
     1     1     1     1     1    -1    -1    -1    -1    -1    -1    -1    -1    -1    -1     1     1     1     1     1     1
     1     1     1     1     1     1     1     1     1     1    -1    -1    -1    -1    -1     1     1     1     1     1     1

  Columns 22 through 25

     1     1     1     1
     1     1     1     1
     1     1     1     1
     1     1     1     1
    -1    -1    -1    -1
    -1    -1    -1    -1
    -1    -1    -1    -1
     1     1     1     1
    -1    -1    -1    -1
    -1    -1    -1    -1
    -1    -1    -1    -1
     1     1     1     1
    -1    -1    -1    -1
    -1    -1    -1    -1
    -1    -1    -1    -1
     1     1     1     1
     1     1     1     1
     1     1     1     1
     1     1     1     1
     1     1     1     1

TSET1

TSET1 =

  Columns 1 through 21

    -1    -1    -1    -1    -1     1     1     1     1     1    -1    -1    -1    -1    -1     1     1     1     1     1     1
    -1    -1    -1    -1     1     1     1     1     1     1    -1    -1    -1    -1    -1     1     1     1     1     1     1
     1     1     1     1     1     1     1     1     1    -1    -1    -1    -1    -1    -1     1    -1     1     1     1     1
     1     1     1     1     1     1     1     1     1     1    -1    -1    -1    -1    -1     1     1     1     1     1     1
    -1    -1    -1    -1    -1     1     1     1     1     1     1     1     1     1     1     1     1     1     1     1    -1
     1     1     1     1     1    -1    -1    -1    -1    -1    -1    -1    -1     1    -1    -1    -1    -1    -1    -1    -1
     1     1     1     1     1     1     1     1     1     1    -1    -1    -1    -1    -1    -1    -1    -1    -1    -1    -1
    -1    -1    -1     1    -1     1    -1     1     1     1     1     1    -1     1     1     1     1     1     1     1     1
     1     1     1     1     1     1     1     1     1     1     1     1     1     1     1     1     1     1     1     1    -1
    -1    -1    -1    -1    -1    -1    -1    -1    -1    -1     1     1     1     1     1    -1    -1     1    -1    -1    -1
     1     1     1     1     1     1     1     1     1     1     1     1     1     1     1    -1    -1    -1    -1     1    -1
    -1    -1    -1    -1    -1     1     1     1     1     1     1     1     1     1    -1     1     1     1     1     1     1
    -1     1    -1    -1    -1     1     1     1     1     1     1     1     1     1     1     1     1     1     1     1    -1
     1     1     1     1     1    -1    -1    -1    -1    -1    -1    -1    -1    -1    -1    -1    -1    -1    -1    -1    -1
     1     1     1     1     1    -1    -1    -1     1    -1    -1    -1    -1    -1    -1    -1    -1    -1    -1    -1    -1
    -1    -1    -1    -1    -1     1     1     1     1     1     1    -1     1     1     1     1     1     1     1     1     1
    -1    -1    -1    -1    -1     1     1     1     1     1    -1    -1    -1    -1    -1     1     1     1     1     1     1
    -1    -1    -1    -1    -1    -1    -1     1    -1    -1    -1    -1    -1    -1    -1     1     1     1     1     1     1
     1     1    -1     1     1    -1    -1    -1    -1    -1    -1    -1    -1    -1    -1     1     1     1     1     1     1
     1     1     1     1     1     1     1     1     1     1    -1    -1    -1    -1    -1     1     1     1    -1     1     1

  Columns 22 through 25

     1     1     1     1
     1     1     1     1
     1     1     1     1
     1     1    -1     1
    -1    -1    -1    -1
    -1    -1    -1    -1
    -1    -1    -1    -1
     1     1     1     1
    -1    -1    -1    -1
    -1    -1    -1    -1
    -1    -1    -1    -1
     1    -1     1     1
    -1    -1    -1    -1
    -1    -1    -1    -1
    -1    -1    -1    -1
     1     1     1     1
     1     1     1     1
     1     1     1     1
    -1     1     1     1
     1     1     1    -1

TSET2

TSET2 =

